10.0161782042411
8.50635946286445
7.76746630819895
9.25733774978446
-4.07896109351882
6.76071567085681
7.72192326240639
11.7895171008517
9.56185176779302
0.458492653207092
2.22856000916153
10.3010662549134
5.39605023950327
3.07487169015867
-5.37866242522066
11.6550895000579
2.51309381231474
7.22138759357049
3.48854364744709
-1.58457573663901
1.39764088656665
0.686210535143899
9.89246980811947
-6.26443285149707
-0.418140049022803
6.399589335079
8.15808694055303
8.49267627109985
7.17933392770066
9.88320463428247
7.06201470494505
2.39169210891959
-0.940802606538721
-3.83102753199041
2.9951825866129
1.57132667617469
11.0418454858773
9.30558254060312
9.36440757947263
5.73616917680119
0.468582874522048
-0.602713220230499
7.9828652815533
8.02704436419237
9.06667202873759
5.94135449647015
8.98463167553835
3.44240443533195
6.29131848509778
5.26191517349711
7.82760729387585
6.67087158081749
10.5043104040739
10.5781630712899
-7.71996909497726
2.09071657967297
6.37890458988667
9.59849217275805
11.088360595635
10.0501277864049
2.95418059623999
-0.850967165814512
8.73026221654931
8.22398191526654
-0.337225171284366
10.0336797501342
-0.801437422746772
8.26247181998223
-0.387324098088309
-2.61666872745316
17.2438429898493
7.79578499917216
6.92041323920065
9.540972816658
3.66813573627654
3.32448681057802
-3.03022239390354
-2.59181742690006
5.33992881589735
10.8267512998492
10.2801151480632
3.12231155109617
5.22285732598317
5.15757812607071
1.07661198861477
-1.43282994308188
2.61631347384977
0.237133444572935
2.27817035319953
2.46838865094499
-1.52168116968709
4.58506815066654
0.613566696651333
6.29586222292567
14.1772951507042
2.91362640805304
3.2070890506144
4.01559710749188
8.19868443337092
2.43921448839403
11.1575104277369
4.60804003811644
0.820107196241662
1.8069724525021
3.54789660103269
1.36814612037337
-3.34467055539617
-0.231138286443749
0.128836338789798
9.44611965697684
5.6656111201222
10.2363590325781
2.04557158324832
8.37282162278834
-2.58891689744718
4.11271480306386
3.253101219824
-0.607844380955534
-2.76113803027661
-4.19745475980551
10.4886187439956
6.72678402426681
8.13055017881237
-1.3615219235459
4.40312015247345
0.162686121707609
4.51959082520688
-0.225194338297584
2.13079548960999
2.22408482852053
7.24898390667578
-3.13833553962286
8.02119999691397
2.18964907101063
3.97302128473623
9.17606644150628
14.6985308202323
9.53787121438967
4.52076167068901
7.88248277316094
-2.14309601096075
-4.72837018203703
-0.310774040051334
0.584150024660735
-3.24785520422609
5.56969540816866
-2.98730629697544
4.40450111262735
9.49616199143642
0.6420313400358
0.843916230621163
4.17066500043836
5.46751819746448
5.97814213377413
1.13061385533246
-1.35288155452353
10.5700930208607
6.92143903168338
1.38201248395466
6.10533484695726
-0.117872059999144
5.76109914841788
13.9895469890477
3.90189053425995
-4.41001944845558
2.11672817437889
6.03878004205653
2.3367297077186
4.11034667887635
-3.10816764554185
-3.55488767694973
5.91976256768703
0.517768484436684
10.3127300383333
-1.88465161203231
7.87698167290169
7.80302442308445
3.74966869294648
2.33851375029982
7.08047605066705
1.11688276420931
3.40915678920281
2.336107196807
4.91391892572755
2.98958082200882
5.71016196788625
7.41692249916126
0.914813194202164
2.69246577570568
1.73377287088818
3.73306191913575
7.9719044601475
2.8291518999535
1.41634587181154
-3.66199333916336
-0.821627768115097
4.93515645159377
9.86570787355193
10.5392380818611
1.69914862555488
4.7982481072557
-3.85171703317363
5.82282476812301
0.625177351298406
-3.10096909182255
4.90913835088731
0.32130691128302
3.4401641910924
-3.96771166759796
0.790123066002384
5.16876185469586
-3.11330448651732
10.5969920058514
-0.151000443303815
5.01227266440427
10.7759454781702
2.21750062990312
3.07363660213425
8.69160352231478
-0.438150582158372
6.5620930829422
6.98208742161788
4.5033379386122
2.20935928195324
2.73719434124985
6.51627427220693
-3.53613789947237
7.08378987143337
9.43486490586656
2.69905874897239
7.19138056926509
-0.452219085094172
4.75724912588338
3.75919922529914
4.23783089185419
3.30623165182249
5.916207837185
-0.376402119981214
7.14689328109865
9.37751148238602
2.8325234321992
7.25835406581467
9.9067417616798
2.95555794007125
4.09481827792808
1.88936869891344
1.30092357807582
9.50904017393632
8.77841051958765
7.19582169330811
-2.20634600394646
-1.1163437072159
9.16228286447881
1.01924780052856
10.7982767462927
2.71732720329229
2.10737594482158
-4.26339298409425
2.20564284521433
7.35968032846955
-2.76356413801424
12.7231072869122
0.534887362024272
10.150166647307
4.3160938549321
4.07089970012947
0.0479914021172976
1.63571139336663
12.4499561910694
-3.16334534751026
4.34691774757838
3.8390280889881
2.85289602992431
0.924095068602174
4.85120848156391
4.60788670211593
4.45967322482869
-1.25491506424328
3.2635625637344
1.91715233267855
6.92000770833978
6.34959040290653
2.53877303226648
2.39976084901311
5.42964139645219
1.28956291258037
3.09465809843692
3.46848176905407
2.98845044896383
2.23145165027801
1.7764829240064
7.810515410422
3.68160926627686
0.871531345065887
0.227339844717617
1.13120884959828
-4.88162177512894
0.545345259606369
-3.54724171823534
8.39522922762995
0.47401829076093
3.36724117916491
-1.85302067703512
7.25878094959494
11.1591767536299
12.4465331886367
-1.79205415852208
11.468495977119
-4.05570842054454
1.58786278146007
8.01177599666636
7.43098648200862
8.90085847743021
8.07382033277935
4.20984624713313
4.3215935842557
2.19020016476035
2.09603367418193
2.33561071380144
0.792430804541488
-1.23618949095037
7.80195470045201
6.50870775413864
2.47817393799966
8.44776296164154
9.62416987715229
7.66228452339509
7.30509915392199
3.85477104787779
1.27865242628592
-4.41823648378933
-3.32607703930537
7.74337019742901
-1.61907829019464
7.68093433737728
10.9894529715146
7.18495536968777
5.54207989216296
-0.770034003500204
10.2447925556312
5.37987897380738
6.88554977496757
4.61037708858062
8.01329734981877
7.53794694640256
8.17194181969917
3.74876011538921
8.1344570253036
6.10786635466991
5.10527698818214
0.8524264758925
3.85740521748282
6.19574947464668
0.476848205470165
7.04497466000377
1.09647962771538
5.78261508142511
-2.52295469229322
12.5075633313877
4.19804345968174
2.98826703378042
6.67102762826726
4.06931789185574
8.67415286423407
1.89755737952205
3.35763214761554
6.87169762525012
-5.19419958690056
3.79969248254447
-1.20033672002214
12.5534523900764
-2.66245146716963
6.69638919892916
6.73180704955739
11.8420615525732
8.59556040411167
9.62232692807464
4.2749553314938
5.23769885031838
6.85964486226703
9.27847938006047
7.48217579359997
13.1481143930038
6.24873587182923
2.52120923269032
-0.477928645079506
5.41359794257085
9.53226511757893
6.8345426134176
2.31721806070976
3.12457482748301
11.1931468774426
5.58049321696731
9.14093501105949
3.97090937059773
8.39433409214392
1.9348168877435
-4.42240222594362
10.5455414981409
2.37846825208142
1.04732592435307
9.44226482896739
8.98879676030293
7.07612939870962
2.41030930429651
-2.44777557018318
-4.37174684202338
0.592788805398336
-2.08183770542164
2.90543835658699
6.02140499670513
-4.79247937766679
7.7340473136592
-3.2485327041183
3.068489448409
3.87094638569049
-1.53944748757272
0.190948971710535
-4.11454020308237
4.21582698582029
-1.12155120501162
12.7345729154129
2.86509216033523
6.37183715797815
6.82855470884988
14.0171625828358
0.832461604012549
7.02312444438834
3.31965708390991
10.2504598588615
-1.5012693835051
2.18864005948668
3.48224567477745
0.522436163979079
10.4910946837288
2.19352604744352
2.8577397178933
9.67388735862983
-0.29199305401134
3.81817055053874
5.92494147212055
3.39453565428451
1.91395083874245
-2.60705449286938
2.86174191124012
-0.382765557876559
5.24150774228121
2.41225439167053
0.74282027769798
4.30789421819024
-0.828802197105397
10.0624332220276
-6.20893760479729
2.2869001168354
0.574474091316122
11.4568589818329
6.30124775255086
2.0293338777133
2.08055101582798
8.32250397258533
-0.397292658032851
-1.57825252285345
4.74868086628476
6.71685187287397
-0.866235565702445
-2.39878146740313
0.752138109844316
5.70770087419546
4.28440006557429
-5.61217195996564
0.156608067792672
9.71025612354699
4.83871259210999
3.43209499878015
9.75525175345367
0.140412891688002
11.5957486170455
1.47564902722474
3.35888110535227
6.90352785027049
0.74647639451421
0.959572883878438
0.646748599327061
-0.285848034016919
-2.25131089085047
0.771652392156232
-1.86060951113589
11.4432946401853
-1.47977667739321
8.74188231066443
4.57573040517358
-1.50880531299146
-0.56028201080977
9.10594535710029
8.95295916886031
11.0696785157857
2.23904088198509
9.26615720001195
3.39457555746877
-1.5168083130302
-1.62932960186279
0.98344037591349
0.964045662715224
9.41428307501316
0.6134732862059
-4.83372450447107
-2.09202290092839
-4.85669886677054
0.13805033385672
-2.10527870889639
-1.93656101756724
-2.37461635023584
-2.28086336636349
-2.14827743393802
8.26756223466483
0.763849865219038
9.19236751515465
-3.56246564104112
-2.47227445135581
-1.8985092955833
9.5592858431504
-1.41468399866252
0.727485412358227
7.88064277381209
-0.0917566508710528
5.3578047892864
-5.55547229365814
-2.34697316640435
5.21627292274758
0.45114186202432
-1.24082551325603
3.69359265736231
0.488194780500305
-2.45833969566019
-3.96687262916066
3.14089506016533
-1.25659394648239
3.1396625761855
-0.85963583171496
-5.49259785024734
1.19884843984138
-1.15725764599033
10.305428463623
10.8540924169666
-3.83957166732199
-3.20570486830402
-3.09826893180225
-1.07819328683161
6.05004088305069
-1.6512535913027
2.08707025854837
13.3138792156156
-3.22638008235607
7.61771675636491
-1.9108692684156
0.274933940892842
5.87113492450414
3.85699452084406
6.19948822993086
-3.02586611891112
3.99783323370343
-4.88442774923899
2.00581339445662
-5.89801002455114
-1.18316644737502
-3.3691486588317
9.09429791785772
-4.74832579731252
-2.08854206133331
3.0682172629
0.747923611568404
-6.46281000291361
5.99457940738547
0.488161415448345
5.01350361489843
-1.04924173565223
0.220998847048862
3.7636098946982
3.57783051356496
-2.88686742096209
1.68447916604354
6.93129082366356
5.46370380368289
8.14709564074492
10.3036713142734
-0.220494106456862
8.22357328488343
-1.85140403751692
2.47262170776857
4.30684013835084
-2.48807460934196
4.66892970942644
-1.39473328115311
1.90798444192741
3.51540791638075
9.53219114988538
-2.87494117290542
6.67168887611838
5.58031097550295
5.81925002366003
-3.02990145523358
9.05776676432938
10.462601636469
-2.11751146029381
8.76793711442067
-2.6194058854107
3.20047976171316
6.03994754270658
2.90736338672835
7.99433568444686
2.64637873028919
9.48701252746244
8.19963552196313
5.53207852908224
-1.34923112615648
5.45194710600653
-2.50690761793128
0.603076146718882
4.46125262831116
11.3170673189973
12.50611381636
6.73772420088138
11.6127289372509
1.82611290426804
1.53420084780237
0.763738467493347
0.88056418885841
-0.612390184519549
-3.31047149958883
-4.11941202944963
-1.05538404420565
4.85955070719526
0.835402744699426
-3.48368066164284
0.638414748072709
4.55233467746536
5.68802478142856
1.40962362282261
-2.91225834176182
2.28836875714456
-1.55157054854763
4.89020953114903
2.00327313472885
-2.93517939047193
-1.79315923521517
0.334861576726904
1.04347437879362
7.63250751728277
12.1545250711966
3.22982377624058
3.93385462596161
3.15552191256722
5.45942441747706
0.689878897988177
0.783383917538822
2.59311554698082
2.8520157203403
3.11469521027625
0.0417814955230487
-2.73074928852685
3.30460369543377
0.920650389714821
-5.92397019985661
-1.01209787715034
-0.718645652845231
-2.04201389332296
1.39303018759183
-0.619835732195726
-0.605975873961123
5.20033417745319
3.70813690320288
2.99911246841276
-0.881374980284932
3.37504257959098
-1.01020577379135
3.49704985380251
4.71513617928054
0.529904080256971
5.50682970729423
10.6721621882133
4.85567333093326
-0.750166489185443
-0.428211007797467
1.62320425585274
5.53545750178141
-1.23366205008823
-0.968853861360689
-0.803762717243881
-0.681982005434123
2.04905067844529
5.35744451603152
-0.487280264587506
1.31356676571641
-1.3072627143758
0.962073918931629
0.00965411560931062
2.94847320059901
1.2986402861249
4.84981133730554
1.63693354196332
-2.85266218775049
-3.39952006001259
4.78081970359635
-2.24345311618621
-0.823929860372515
-6.9697368686522
-3.09754613601409
-0.644127440003904
-2.53483633034619
3.06884265258576
4.45962849699764
0.267380285625566
1.3010203053823
0.457993481682262
-1.18920862764546
4.57003203663437
-1.56292541429049
4.12251059632493
1.34302238472451
6.37494736718536
2.3452108427493
4.46578512811641
6.45243770025656
1.16637048103447
1.11407665145388
0.30424445780915
8.38075406399189
2.34228598875171
-2.15329741626864
2.19211000792672
0.942676816486405
0.26148560161548
-3.1641426993545
2.75784511487455
4.86494607617374
5.87248255325825
4.77918066394341
3.62668189881279
9.45987536107674
4.64367827159723
0.0527614410256833
7.41991064401253
3.24422690109362
2.9647547983165
10.9564433080173
10.8649529288088
9.95376650936856
11.5028041738578
4.32876901043154
11.8644052683999
3.59919632727157
9.29588262902104
3.64221401053329
-2.63000182314206
5.30841613531347
-0.894621791940298
-0.967729180482958
14.3903710395119
9.7358049976716
10.4379071874598
2.01311418112134
4.6819296366105
-3.36185774275608
2.28770177267107
13.7319960164066
1.24758390038218
5.59194707645634
13.8197528604403
-1.20868773350921
8.03547534826871
3.96132350309763
8.38755515260594
11.5747311062707
5.14052350422326
12.5452189940864
9.32304564230778
7.85632248083809
7.59759714294284
11.7797482635413
-0.309275903964816
5.40323719710114
9.66574692985032
9.24720097345959
6.30056157005983
4.96887404332913
10.6286920615716
7.26272245187447
6.23098437895109
11.4660823999377
5.54102499868061
1.88120735737289
14.0950297077685
9.6369793020353
7.69439192060292
8.58530430232279
3.01607553943905
6.56842356986401
-4.12909051570758
0.0236598880489236
12.6738465650684
10.7066035193792
0.0320920882055451
4.74998360226954
4.34064667235368
11.3983263678019
9.81581875517259
1.42463419056828
5.97124651914747
6.32602548929281
12.0692783384783
5.50281440297536
8.52155204613727
1.61190864710445
6.12024391030112
-3.18214606188928
0.581241526101373
7.46685100453478
5.77498808958116
7.19275801051375
7.7091441655245
8.31444775168512
6.39862012492517
-1.517515936916
-1.34602704097836
3.93147387985274
-0.797776856221084
2.21836477518565
1.44397491749343
3.76652815058419
2.85536957290866
4.06835079855745
7.5151979813209
7.60597435170255
1.16197490189062
-6.49037712140308
6.12759654420306
-4.91999264484319
10.7152182061511
-1.09105320996072
4.34205051102853
-3.4227536661155
11.8907527100304
10.3898237182851
-0.471866398601507
-4.93849769192345
2.86566539493431
0.0748563727148701
5.22752944898056
4.81767186640016
0.997381075633916
4.42376321379865
4.55874774735348
2.91846082353075
-2.43688765288592
8.80628283910536
11.3514421623035
0.8581334924997
2.25484173746411
12.7782368277328
6.48098347185276
1.96444955825051
14.7206941458754
6.92391088862276
8.94392199463428
7.92876110808189
6.47702228263636
14.8944499585555
5.76826210033558
6.16011509570652
-2.76798312287213
12.2458171637213
4.40492312378515
15.6415785779114
9.35828430684511
0.994881262387613
2.3502877829504
10.3479358599268
8.66971745297454
8.02945366565298
-1.5393095707144
-1.86879355002668
10.0079709484905
8.96396951871177
3.29665362606512
10.8421434201686
9.44972970009085
0.574530520319415
6.73586244032109
2.24111008860301
8.68286347679515
2.85880352702967
12.4633406031677
0.839708255899502
-0.0364957464171667
-8.88977809587328
11.8907198323889
5.01113653444489
6.74289573700762
-3.88065296505156
-1.31785277455254
-2.77976580897664
7.13260313806059
-1.79976208061354
6.07591113752513
-2.6180597376555
6.65674405556925
5.29682529984596
6.44034775085735
4.54612233017261
7.57358005571084
-3.47189031175095
7.3368292630574
0.188451392719312
7.54320874303165
8.3455297800426
-2.29077874657103
5.66237314999146
-1.90163195701896
0.2686196145901
-1.28573172781211
8.76400095497927
0.902817790416819
-6.05515594068695
7.42093222105824
1.3692889629151
-7.38784354958984
7.11542221374281
-1.97678627829335
-0.488815299881052
10.5864812839194
0.976409842828141
1.7064106890185
3.14708646546028
4.15408401330582
0.411892843322821
0.882783368713667
1.27774910801696
2.30207504047041
-0.600569819807549
2.69722547398618
-0.128243729639416
7.86840143383551
-1.41698593452025
-2.19086495310265
2.59345320754544
4.99965384874573
1.42262264139954
10.9515940737457
-0.976022350031487
11.2153965688499
2.85933192369035
10.2279957143691
-4.15870348552508
1.54971903640481
3.9012513896046
0.460436541398833
-4.52503896154448
3.59454430408351
-1.7687345587297
4.5770768712737
6.59683812588913
4.01560792001266
7.16326729599623
-7.47910897320057
12.770431079295
3.2864094839794
-2.07691393075638
0.730028150285229
0.489152700545405
9.10246049120253
-2.46518927091788
5.90636743085311
0.810388817636939
-2.15346916720978
-2.92885974641753
-2.23770662237776
1.1278413150074
0.357887396784782
7.23758343553589
1.72209677223777
1.50419408922352
5.52021804534281
-0.831744657022013
11.2083936285097
2.2315624380617
6.15196301065348
7.01004946056895
7.75242631455436
9.01591770995924
13.0662945378794
-2.14062535165292
5.28496724820372
7.02591041672213
4.96740710250878
-0.845453988609255
5.6968889381861
1.59289078637909
1.17246823887306
6.14428799503805
-1.57862751541168
4.24196025400768
13.2321596518099
3.72468383528622
10.4827753029485
-2.09063161091639
1.16710056273402
6.69323630638377
6.69083886274725
4.48448604245116
0.851574294032341
-2.43941048958806
-2.47417784399434
5.95495134624866
-3.91302292678967
-0.73102543516705
0.439728943654045
7.25347789542924
4.21468447140761
0.959093456786418
-0.13446240945101
11.8663056192573
-3.44915134189481
-0.523145639022063
7.40542357111115
-1.51798468415451
9.4861416371696
-1.87952556640609
5.23829145433561
0.978143825812664
6.76877689521758
-2.85778657949645
2.67118669587898
5.55012847153977
6.24515516435622
6.1539219756603
5.81116417961129
10.0596046174436
6.17237410480865
2.76577238768586
-2.46034474063409
-5.68828240537744
-2.78042531444144
0.902269878207765
-4.52205450764718
7.31093222361987
1.071433315499
12.6557906930754
6.95956364338283
6.26693357948148
9.27569597509722
2.32174086729691
11.1783908263326
10.0847737646133
1.63691994437681
3.67329562860207
-4.01654069708673
5.39976808659264
5.85068163481689
3.2534992298571
2.29767722633065
6.98591990540274
-1.99359412757307
10.4260994083738
5.06753503497539
0.781463262273756
8.02236121032587
12.9925770091059
6.78364966036921
11.1252292572131
-1.6423483506609
-1.35351192456931
13.126112380128
-3.99304037475204
4.09722659500597
-1.13272874145973
0.82202625980931
6.31607277846194
4.34906462310573
2.44100394180262
-4.55647658130017
-2.16381207823815
0.854705504293499
-3.16797891659468
6.79965547064112
2.0801366658002
1.15212385939955
9.98710290305997
4.99579213140101
-3.37057413965622
-2.45962636924722
-0.155206005204276
2.49313562494195
6.28185830273528
4.95792721796948
5.85264672657842
-0.250067257552056
5.05744182985398
6.45715490761475
6.17531404863321
2.72667611803123
3.950841723089
-1.002325836119
12.7517371321563
-1.27963443768561
6.29093783268043
-2.18969117961546
0.00928686849989813
8.49291913837425
9.90699056978648
4.40942917122116
9.48181273249909
6.2016148658936
3.65289743351369
1.03387726886356
2.07214842495979
5.41172001469221
8.57771780139689
1.32993745216181
8.25947478506956
0.963153893592626
8.93960584984756
1.35710057193294
-2.64568947849722
8.24693608584286
-4.28334607853542
4.08301210016581
-5.21504120953781
-0.128177454314289
5.08754675077534
-2.14057577788473
0.322638887724088
11.3302607031675
15.141098306014
5.39455866651654
7.59117754005655
8.88187922728083
0.886307215209367
0.359667582276717
4.58981743349864
7.87354236927973
8.31151736674997
15.3697253917023
14.580954198768
7.46543535262418
-0.0799690262604342
8.82930431325743
-0.703983284953603
9.58952027716276
9.04721445417158
11.1324681326365
7.61703860435847
4.33656986263932
9.30427660469259
11.6408677732272
0.632411261609147
8.51941765251304
9.16154639898119
1.06878779534406
2.30482816358831
12.2048909627676
7.31975122256041
1.81275968774755
12.9162070092739
7.34698532086509
11.056342237469
12.4588917401496
1.55086603796608
0.589802851517662
7.30424141252328
6.14623114009913
4.46917513458171
6.6039972301718
-2.70124168156046
0.790701663310692
3.76875010833928
6.61314142499085
2.23998967862302
9.49141113020731
-3.34983053293356
8.29595532030682
2.08758084533397
0.80333021722638
-0.973665162880518
-4.31888584437299
10.8108152489563
11.3386870394527
3.16328824493714
0.853446543238396
5.32158430713015
6.74882256840543
-1.52651538947694
2.43508874795027
0.536371300340452
8.83754985181173
11.2947022388819
6.74036944169988
-0.365604994721267
-0.271442086153619
-4.57883649941973
2.60535374099845
7.4473819888418
3.68361085143871
6.24732397174219
12.8826474574406
3.65588703308325
10.9269337339927
10.4188004317458
2.63882806784625
3.29687304631382
5.21639612420538
-3.55826110722193
7.95595382138313
11.4587046308337
-4.43637473824836
7.23404268917924
3.54706736337629
6.55446760866759
7.05135048558197
6.82740767153688
-3.05109914457876
5.84338156509435
7.52854064372594
2.84718511467311
-3.0739754883637
7.94387541714857
-1.35579866275065
4.94732403099585
5.35405324778895
9.96349377578258
4.61859761973936
7.07404010870767
8.61240915670321
9.20608060990456
0.593520043929473
9.73568114907575
1.74720040227304
9.4487109528324
3.0306111718355
1.01131478070804
3.70607054929289
-8.07524481187192
12.9505770631117
-2.37044806731063
2.23809858417262
5.24202679796224
3.1921426646019
-2.76150043780773
0.555323319407329
-0.291114678602114
6.90862416534699
-1.27547701861222
13.3447557232863
2.58694781680453
-0.199465841745812
8.32951515681445
0.0993648924641002
2.73707396149535
14.216167264431
8.53722005189755
-2.65737879451043
6.27924132010342
-1.0048977665371
2.34466589375503
1.71242045875218
3.30373830497721
3.72489904052269
2.36531707683043
2.40980006807641
-0.664637835643335
9.61873738464376
10.4922609112137
6.66760190242466
5.02501549411709
7.72120047189581
7.03073408151986
13.7001141605315
8.9986081515997
12.0887229095271
8.13439679130917
9.12935115090247
9.29375517774779
0.457434266489777
9.75213289198213
2.88706077668253
-0.694566637532387
8.22955790083666
6.86376664958461
-0.926881950915563
6.17015219460613
9.38596528488676
4.846485157198
-0.748732876087426
12.4154394982458
-2.9379227265488
5.65754049427772
6.00006763289932
7.87965419838921
2.60515055990314
3.13424710804754
5.21780075262674
6.06736216645177
9.628138799939
8.80796751022194
2.81311464043004
6.71920493103135
7.43267983304645
10.9670314573125
